50
AtSDH          0.0000000 0.1410439 0.1410439 1.2502995 1.2502995 0.3537246 0.4880079 0.5167840 1.0943894 0.3715572 1.0450504 1.0412711 1.3180457 0.5992658 0.3425519 0.5411143 0.5324325 1.1414211 1.1344092 0.4029272 1.1057258 0.5267201 0.5655036 0.3298184 0.5532864 1.1306317 0.5002232 0.4601632 0.3402154 0.6490664 0.5476519 0.3199951 0.5145442 1.1353915 0.4565080 1.2105139 0.5649630 0.5259258 1.1816568 0.3653602 0.5493368 0.5422934 1.1005163 1.3272856 0.6389506 0.6501206 0.5762010 0.5696554 0.3376231 0.5947392 
BrapaQDH       0.1410439 0.0000000 0.0000010 1.2445613 1.2445613 0.4035662 0.5407596 0.5304153 1.0867639 0.4158120 1.0921819 1.0722888 1.2803039 0.6480100 0.3655695 0.5461413 0.5598633 1.1588106 1.1481108 0.4403149 1.1033309 0.5898529 0.6096020 0.3685943 0.5860382 1.1440571 0.5331610 0.5009067 0.3916494 0.6884118 0.5852933 0.3788644 0.5550882 1.1593596 0.5074754 1.2323216 0.6090597 0.5774293 1.1761396 0.3933828 0.5544697 0.5696688 1.1172880 1.2841734 0.6446070 0.6488672 0.6184950 0.6006562 0.3777892 0.5927056 
BnapusQDH      0.1410439 0.0000010 0.0000000 1.2445613 1.2445613 0.4035662 0.5407596 0.5304153 1.0867639 0.4158120 1.0921819 1.0722888 1.2803039 0.6480100 0.3655695 0.5461413 0.5598633 1.1588106 1.1481108 0.4403149 1.1033309 0.5898529 0.6096020 0.3685943 0.5860382 1.1440571 0.5331610 0.5009067 0.3916494 0.6884118 0.5852933 0.3788644 0.5550882 1.1593596 0.5074754 1.2323216 0.6090597 0.5774293 1.1761396 0.3933828 0.5544697 0.5696688 1.1172880 1.2841734 0.6446070 0.6488672 0.6184950 0.6006562 0.3777892 0.5927056 
CserDQD/SDH1.1 1.2502995 1.2445613 1.2445613 0.0000000 0.0000010 1.1726714 1.2936033 1.3845470 0.7400370 1.2003062 0.8916525 0.8564479 0.3583644 1.3873471 1.1579677 1.2846150 1.3263622 0.8803448 0.8759361 1.1127318 0.7800082 1.2409184 1.2919319 1.1728315 1.2654521 0.7883019 1.2751501 1.3309259 1.2177854 1.3872971 1.3220545 1.1188494 1.2175111 0.8777895 1.1902738 0.8732529 1.2869456 1.2250385 0.8480678 1.1650583 1.2760265 1.3296531 0.8557281 0.3202007 1.3099502 1.3300504 1.3510884 1.3487136 1.1570603 1.3047256 
CserDQD/SDH1.2 1.2502995 1.2445613 1.2445613 0.0000010 0.0000000 1.1726714 1.2936033 1.3845470 0.7400370 1.2003062 0.8916525 0.8564479 0.3583644 1.3873471 1.1579677 1.2846150 1.3263622 0.8803448 0.8759361 1.1127318 0.7800082 1.2409184 1.2919319 1.1728315 1.2654521 0.7883019 1.2751501 1.3309259 1.2177854 1.3872971 1.3220545 1.1188494 1.2175111 0.8777895 1.1902738 0.8732529 1.2869456 1.2250385 0.8480678 1.1650583 1.2760265 1.3296531 0.8557281 0.3202007 1.3099502 1.3300504 1.3510884 1.3487136 1.1570603 1.3047256 
CserDQD/SDH2   0.3537246 0.4035662 0.4035662 1.1726714 1.1726714 0.0000000 0.4627618 0.4523077 1.0754101 0.2427509 1.0564009 1.0610328 1.2670483 0.5266299 0.2723281 0.5048322 0.4673933 1.1400382 1.1222055 0.2114697 1.0688769 0.4843071 0.4887236 0.2392497 0.4826042 1.1513887 0.4773168 0.3830991 0.2345121 0.5538583 0.5042230 0.2205786 0.3511820 1.1736737 0.2911596 1.2014124 0.4879897 0.4835442 1.1668517 0.2756660 0.5041589 0.4676985 1.0952395 1.1806127 0.5604693 0.5648430 0.5231783 0.4967379 0.2901089 0.5635911 
CserDQD/SDH3   0.4880079 0.5407596 0.5407596 1.2936033 1.2936033 0.4627618 0.0000000 0.4220339 1.2934707 0.4771316 1.2725067 1.2136485 1.3659504 0.5187805 0.4786167 0.5032837 0.1523340 1.3016602 1.2935988 0.4652908 1.2571474 0.1367324 0.4830418 0.4149397 0.1564484 1.3090273 0.4367923 0.5775108 0.4743801 0.5364413 0.1711493 0.4548071 0.5315769 1.3470435 0.4849265 1.3530116 0.4862176 0.1356562 1.3426294 0.5030026 0.5060918 0.1582837 1.2516318 1.3446682 0.2494106 0.2595147 0.1901036 0.1746988 0.4454918 0.5359593 
CserDQD/SDH4   0.5167840 0.5304153 0.5304153 1.3845470 1.3845470 0.4523077 0.4220339 0.0000000 1.2414730 0.3992727 1.1705665 1.1643585 1.5098335 0.2464898 0.4199394 0.2279188 0.3943942 1.2346898 1.2149390 0.4201221 1.2656697 0.4434860 0.1512936 0.4094560 0.4099322 1.2151696 0.1993377 0.5471767 0.4588909 0.2725334 0.4264509 0.4319106 0.4561785 1.3395502 0.4478463 1.3957269 0.1542925 0.4395310 1.3527231 0.4238830 0.2303859 0.4006854 1.1799990 1.4246516 0.4990945 0.5040901 0.4644802 0.4466585 0.4309270 0.2525707 
CserDQD/SDH5   1.0943894 1.0867639 1.0867639 0.7400370 0.7400370 1.0754101 1.2934707 1.2414730 0.0000000 1.1453720 0.4160252 0.3951764 0.8912688 1.3154628 1.1477073 1.2098601 1.2941216 0.4064468 0.4068894 1.0859950 0.2807679 1.2282091 1.2866486 1.0608096 1.2342812 0.3100847 1.1691674 1.1870233 1.1046553 1.3189160 1.3081812 1.0535961 1.1928350 0.3939539 1.1683162 0.4507306 1.2948631 1.2119068 0.3273095 1.1503972 1.2019335 1.3018216 0.3951008 0.8500983 1.2175190 1.2586770 1.2959542 1.2736652 1.0868696 1.2163430 
Poptr1         0.3715572 0.4158120 0.4158120 1.2003062 1.2003062 0.2427509 0.4771316 0.3992727 1.1453720 0.0000000 1.1491725 1.1241445 1.2466853 0.5196435 0.2265119 0.4799072 0.4572620 1.2330408 1.2058344 0.2408544 1.1195196 0.5059610 0.4592231 0.2473722 0.4727688 1.1861617 0.4039290 0.3754120 0.2343232 0.5631878 0.4847377 0.2085965 0.3332762 1.2262949 0.3044054 1.2198078 0.4505738 0.5052072 1.1860430 0.2510637 0.4848082 0.4595452 1.1888371 1.2471536 0.5725820 0.5798508 0.5245665 0.5122253 0.2507624 0.5106228 
Poptr2         1.0450504 1.0921819 1.0921819 0.8916525 0.8916525 1.0564009 1.2725067 1.1705665 0.4160252 1.1491725 0.0000000 0.1246957 0.9731404 1.3055207 1.0840578 1.1674022 1.3192670 0.4004858 0.3996445 1.0777046 0.4305070 1.2534068 1.1806376 1.0804664 1.2441398 0.4147361 1.1841040 1.1904363 1.0972625 1.2422448 1.2932220 1.0585235 1.1839481 0.4610743 1.1609991 0.5038453 1.1762635 1.2498536 0.4825860 1.1070892 1.1597087 1.3174436 0.3997161 0.9281317 1.2163412 1.2636452 1.2421732 1.3023276 1.0769832 1.1405416 
Poptr3         1.0412711 1.0722888 1.0722888 0.8564479 0.8564479 1.0610328 1.2136485 1.1643585 0.3951764 1.1241445 0.1246957 0.0000000 0.9474241 1.2669544 1.0607521 1.1312316 1.2585185 0.3720201 0.3794053 1.0571150 0.3937723 1.1824479 1.1751173 1.0334304 1.2185448 0.3883011 1.1395831 1.1641278 1.1177361 1.2356789 1.2480995 1.0482840 1.1709819 0.4433261 1.1377254 0.4861359 1.1707657 1.1766250 0.4488893 1.0836569 1.1192055 1.2568787 0.3711934 0.8735088 1.1598033 1.1875471 1.1995220 1.2350093 1.0539334 1.1235165 
Poptr4         1.3180457 1.2803039 1.2803039 0.3583644 0.3583644 1.2670483 1.3659504 1.5098335 0.8912688 1.2466853 0.9731404 0.9474241 0.0000000 1.4807158 1.2500420 1.4016182 1.4213884 0.9612521 0.9569506 1.1889958 0.8704587 1.3373634 1.3921597 1.2151215 1.4043841 0.9183638 1.3628960 1.3801660 1.2663180 1.5160324 1.3916530 1.1964686 1.2435437 0.9341644 1.2347047 0.9133152 1.3868605 1.3207145 0.9482401 1.2572828 1.3926510 1.4031450 0.9448496 0.4399963 1.3823250 1.4063754 1.4577876 1.4742111 1.2606397 1.3753243 
Poptr5         0.5992658 0.6480100 0.6480100 1.3873471 1.3873471 0.5266299 0.5187805 0.2464898 1.3154628 0.5196435 1.3055207 1.2669544 1.4807158 0.0000000 0.5026666 0.3192307 0.5066173 1.3606354 1.3402536 0.5024965 1.2658098 0.5267580 0.2884156 0.4738406 0.5267773 1.3684850 0.3021745 0.6605849 0.5236953 0.3301714 0.5364568 0.5010250 0.5802613 1.4119785 0.5256155 1.4143253 0.2907664 0.5282112 1.3353420 0.5395392 0.3218743 0.5137781 1.3082428 1.4671006 0.6177050 0.6224854 0.5907131 0.5355092 0.4894571 0.3160143 
EcDQD/SDH1     0.3425519 0.3655695 0.3655695 1.1579677 1.1579677 0.2723281 0.4786167 0.4199394 1.1477073 0.2265119 1.0840578 1.0607521 1.2500420 0.5026666 0.0000000 0.4923380 0.4744420 1.1908728 1.1648063 0.2617344 1.1103421 0.5357967 0.4589258 0.2577254 0.4979472 1.1848925 0.4511594 0.3938267 0.2836088 0.5196749 0.5185996 0.2138847 0.3892402 1.1570607 0.3315936 1.1873522 0.4563766 0.5349922 1.1878225 0.0199190 0.4971517 0.4814164 1.1552935 1.2838736 0.6122331 0.6065136 0.5623212 0.5111884 0.1957108 0.5036013 
EcDQD/SDH2     0.5411143 0.5461413 0.5461413 1.2846150 1.2846150 0.5048322 0.5032837 0.2279188 1.2098601 0.4799072 1.1674022 1.1312316 1.4016182 0.3192307 0.4923380 0.0000000 0.4451558 1.1737967 1.1561796 0.4968712 1.1866795 0.5121053 0.3007867 0.4522230 0.4835999 1.2312059 0.2020965 0.5953995 0.4960212 0.3459664 0.4990690 0.4589642 0.5588501 1.3597371 0.5496842 1.3345694 0.3032229 0.5020251 1.2549681 0.5156038 0.0041906 0.4523142 1.1409505 1.3274120 0.5510725 0.5587248 0.5088838 0.5123770 0.4731776 0.2278484 
EcDQD/SDH3     0.5324325 0.5598633 0.5598633 1.3263622 1.3263622 0.4673933 0.1523340 0.3943942 1.2941216 0.4572620 1.3192670 1.2585185 1.4213884 0.5066173 0.4744420 0.4451558 0.0000000 1.3461342 1.3341632 0.4716996 1.2644182 0.1733036 0.4712893 0.4186058 0.1427206 1.3070366 0.3883926 0.5501869 0.4783374 0.5083413 0.1156014 0.4486002 0.5402563 1.3800892 0.5020147 1.3747171 0.4743933 0.1705908 1.3498087 0.4987723 0.4479040 0.0062251 1.2964989 1.3604132 0.1939525 0.1957015 0.1486706 0.0797967 0.4414698 0.5256610 
EcDQD/SDH4a    1.1414211 1.1588106 1.1588106 0.8803448 0.8803448 1.1400382 1.3016602 1.2346898 0.4064468 1.2330408 0.4004858 0.3720201 0.9612521 1.3606354 1.1908728 1.1737967 1.3461342 0.0000000 0.0083364 1.1273948 0.4447102 1.3100288 1.2231197 1.1184705 1.3240498 0.4268412 1.1684972 1.2716022 1.1970050 1.3327092 1.3416930 1.1413953 1.2118936 0.4765971 1.2550944 0.5091251 1.2312561 1.2940342 0.4931162 1.1929245 1.1695897 1.3560974 0.0189584 0.8758650 1.2756451 1.3049157 1.3017650 1.3461892 1.1526220 1.2399711 
EcDQD/SDH4b    1.1344092 1.1481108 1.1481108 0.8759361 0.8759361 1.1222055 1.2935988 1.2149390 0.4068894 1.2058344 0.3996445 0.3794053 0.9569506 1.3402536 1.1648063 1.1561796 1.3341632 0.0083364 0.0000000 1.1028817 0.4424542 1.3019270 1.2046623 1.0938881 1.3121118 0.4258803 1.1472068 1.2437810 1.1709951 1.3336728 1.3296571 1.1127798 1.1849831 0.4783965 1.2274696 0.5109506 1.2127180 1.2860522 0.4907592 1.1667522 1.1520437 1.3440586 0.0232709 0.8772373 1.2640034 1.2930875 1.2900308 1.3419407 1.1238036 1.2214450 
CsDQD/SDHa     0.4029272 0.4403149 0.4403149 1.1127318 1.1127318 0.2114697 0.4652908 0.4201221 1.0859950 0.2408544 1.0777046 1.0571150 1.1889958 0.5024965 0.2617344 0.4968712 0.4716996 1.1273948 1.1028817 0.0000000 1.1181606 0.5191587 0.4498405 0.2589039 0.4794921 1.0992116 0.4644237 0.4292992 0.2913958 0.5714899 0.5029670 0.2258154 0.2988201 1.1823347 0.2574244 1.1869572 0.4486006 0.5183867 1.2024136 0.2816079 0.4991777 0.4716245 1.0794337 1.1814835 0.5825821 0.5836272 0.5477851 0.5139991 0.2825546 0.5442028 
CsDQD/SDHb     1.1057258 1.1033309 1.1033309 0.7800082 0.7800082 1.0688769 1.2571474 1.2656697 0.2807679 1.1195196 0.4305070 0.3937723 0.8704587 1.2658098 1.1103421 1.1866795 1.2644182 0.4447102 0.4424542 1.1181606 0.0000000 1.1666380 1.2396291 1.0810051 1.2102086 0.3746698 1.1416754 1.1706511 1.1340394 1.3201565 1.2605270 1.0513507 1.2127982 0.3620564 1.1621501 0.4133001 1.2354060 1.1577802 0.0379094 1.1199189 1.1797579 1.2719710 0.4406303 0.8091347 1.2482908 1.2798370 1.2771475 1.2807677 1.1074913 1.2074493 
CsDQD/SDHc     0.5267201 0.5898529 0.5898529 1.2409184 1.2409184 0.4843071 0.1367324 0.4434860 1.2282091 0.5059610 1.2534068 1.1824479 1.3373634 0.5267580 0.5357967 0.5121053 0.1733036 1.3100288 1.3019270 0.5191587 1.1666380 0.0000000 0.5376409 0.4347804 0.1825994 1.2512780 0.4375082 0.5822018 0.4948032 0.5872842 0.1961187 0.4892214 0.5619267 1.2988907 0.4917796 1.3077617 0.5410782 0.0061988 1.2585211 0.5582541 0.5149696 0.1794908 1.2610472 1.3410519 0.2562263 0.2633827 0.2172944 0.1888722 0.4598965 0.5512625 
CsDQD/SDHd     0.5655036 0.6096020 0.6096020 1.2919319 1.2919319 0.4887236 0.4830418 0.1512936 1.2866486 0.4592231 1.1806376 1.1751173 1.3921597 0.2884156 0.4589258 0.3007867 0.4712893 1.2231197 1.2046623 0.4498405 1.2396291 0.5376409 0.0000000 0.4505189 0.5022245 1.2719154 0.2433130 0.5926894 0.5015779 0.3007502 0.4910057 0.4510909 0.5113040 1.3357371 0.4683099 1.3416421 0.0104914 0.5328145 1.3094426 0.4858760 0.2942581 0.4802267 1.2057575 1.3316958 0.5881449 0.6003356 0.5514255 0.5177025 0.4900871 0.2816015 
VvSDH1         0.3298184 0.3685943 0.3685943 1.1728315 1.1728315 0.2392497 0.4149397 0.4094560 1.0608096 0.2473722 1.0804664 1.0334304 1.2151215 0.4738406 0.2577254 0.4522230 0.4186058 1.1184705 1.0938881 0.2589039 1.0810051 0.4347804 0.4505189 0.0000000 0.4282693 1.1064245 0.4198233 0.3545732 0.2390842 0.5320207 0.4519116 0.2154372 0.3221894 1.1907260 0.2769885 1.2181826 0.4492876 0.4304849 1.1508851 0.2829100 0.4545216 0.4222122 1.0779005 1.2315456 0.5016126 0.5066323 0.4727837 0.4394227 0.2798689 0.5110993 
VvSDH3         0.5532864 0.5860382 0.5860382 1.2654521 1.2654521 0.4826042 0.1564484 0.4099322 1.2342812 0.4727688 1.2441398 1.2185448 1.4043841 0.5267773 0.4979472 0.4835999 0.1427206 1.3240498 1.3121118 0.4794921 1.2102086 0.1825994 0.5022245 0.4282693 0.0000000 1.3074445 0.4014140 0.5591789 0.4939603 0.5442070 0.1565677 0.4603911 0.5397200 1.3400862 0.5209771 1.3328418 0.5052545 0.1743540 1.2991650 0.5147820 0.4863995 0.1485808 1.2793128 1.3422648 0.2182662 0.2314456 0.1691359 0.1739914 0.4444419 0.5422036 
VvSDH2         1.1306317 1.1440571 1.1440571 0.7883019 0.7883019 1.1513887 1.3090273 1.2151696 0.3100847 1.1861617 0.4147361 0.3883011 0.9183638 1.3684850 1.1848925 1.2312059 1.3070366 0.4268412 0.4258803 1.0992116 0.3746698 1.2512780 1.2719154 1.1064245 1.3074445 0.0000000 1.1874620 1.2558039 1.2080723 1.2770992 1.3615796 1.1216981 1.2085088 0.4719746 1.2177422 0.5302186 1.2675565 1.2448448 0.4225001 1.1928130 1.2231344 1.2845094 0.4082267 0.8844981 1.2430767 1.2785499 1.3517129 1.3191249 1.1527431 1.1652594 
VvSDH4         0.5002232 0.5331610 0.5331610 1.2751501 1.2751501 0.4773168 0.4367923 0.1993377 1.1691674 0.4039290 1.1841040 1.1395831 1.3628960 0.3021745 0.4511594 0.2020965 0.3883926 1.1684972 1.1472068 0.4644237 1.1416754 0.4375082 0.2433130 0.4198233 0.4014140 1.1874620 0.0000000 0.5378579 0.4440256 0.3086886 0.4462354 0.4195333 0.5042893 1.2547356 0.4567620 1.2448952 0.2490302 0.4322377 1.2099896 0.4851958 0.2046048 0.3973754 1.1354718 1.3479250 0.4831107 0.4877967 0.4545596 0.4441996 0.4151849 0.2312166 
FvSDH3         0.4601632 0.5009067 0.5009067 1.3309259 1.3309259 0.3830991 0.5775108 0.5471767 1.1870233 0.3754120 1.1904363 1.1641278 1.3801660 0.6605849 0.3938267 0.5953995 0.5501869 1.2716022 1.2437810 0.4292992 1.1706511 0.5822018 0.5926894 0.3545732 0.5591789 1.2558039 0.5378579 0.0000000 0.3010076 0.6267700 0.5657000 0.3205762 0.5211269 1.3048292 0.4945828 1.3137908 0.5942130 0.5730735 1.2455313 0.4252090 0.5997337 0.5511856 1.2236179 1.4355052 0.6053561 0.6144188 0.6093151 0.6058030 0.4014317 0.6438249 
FvSDH4         0.3402154 0.3916494 0.3916494 1.2177854 1.2177854 0.2345121 0.4743801 0.4588909 1.1046553 0.2343232 1.0972625 1.1177361 1.2663180 0.5236953 0.2836088 0.4960212 0.4783374 1.1970050 1.1709951 0.2913958 1.1340394 0.4948032 0.5015779 0.2390842 0.4939603 1.2080723 0.4440256 0.3010076 0.0000000 0.5544188 0.4972624 0.2112267 0.4058762 1.2217490 0.3576358 1.2658929 0.5010388 0.4899073 1.2185644 0.3112370 0.4983556 0.4787936 1.1545364 1.2946120 0.5489828 0.5617556 0.5338596 0.5268645 0.2846226 0.5460080 
FvSDH2         0.6490664 0.6884118 0.6884118 1.3872971 1.3872971 0.5538583 0.5364413 0.2725334 1.3189160 0.5631878 1.2422448 1.2356789 1.5160324 0.3301714 0.5196749 0.3459664 0.5083413 1.3327092 1.3336728 0.5714899 1.3201565 0.5872842 0.3007502 0.5320207 0.5442070 1.2770992 0.3086886 0.6267700 0.5544188 0.0000000 0.5750674 0.5430252 0.6369819 1.4237073 0.5771922 1.4471613 0.3066271 0.5768905 1.4031275 0.5452407 0.3486718 0.5035314 1.3103351 1.4600325 0.6067731 0.6293905 0.6011289 0.5745354 0.5199981 0.3220472 
FvSDH1         0.5476519 0.5852933 0.5852933 1.3220545 1.3220545 0.5042230 0.1711493 0.4264509 1.3081812 0.4847377 1.2932220 1.2480995 1.3916530 0.5364568 0.5185996 0.4990690 0.1156014 1.3416930 1.3296571 0.5029670 1.2605270 0.1961187 0.4910057 0.4519116 0.1565677 1.3615796 0.4462354 0.5657000 0.4972624 0.5750674 0.0000000 0.4546998 0.5338602 1.3749611 0.5177383 1.3931870 0.4942349 0.1954635 1.3634014 0.5445454 0.5018651 0.1210187 1.2919642 1.3631996 0.2329430 0.2453783 0.1737029 0.1601203 0.4766717 0.5600966 
JrSDH          0.3199951 0.3788644 0.3788644 1.1188494 1.1188494 0.2205786 0.4548071 0.4319106 1.0535961 0.2085965 1.0585235 1.0482840 1.1964686 0.5010250 0.2138847 0.4589642 0.4486002 1.1413953 1.1127798 0.2258154 1.0513507 0.4892214 0.4510909 0.2154372 0.4603911 1.1216981 0.4195333 0.3205762 0.2112267 0.5430252 0.4546998 0.0000000 0.3556200 1.1825831 0.3199549 1.2081844 0.4498652 0.4885124 1.1344487 0.2382584 0.4617245 0.4508048 1.1069611 1.2124384 0.5568859 0.5717476 0.5191588 0.4898834 0.2374183 0.5152204 
NtSDH1         0.5145442 0.5550882 0.5550882 1.2175111 1.2175111 0.3511820 0.5315769 0.4561785 1.1928350 0.3332762 1.1839481 1.1709819 1.2435437 0.5802613 0.3892402 0.5588501 0.5402563 1.2118936 1.1849831 0.2988201 1.2127982 0.5619267 0.5113040 0.3221894 0.5397200 1.2085088 0.5042893 0.5211269 0.4058762 0.6369819 0.5338602 0.3556200 0.0000000 1.2651970 0.1262091 1.2998965 0.5076813 0.5569757 1.3005836 0.4064474 0.5536035 0.5429806 1.1799167 1.2486965 0.6379346 0.6484515 0.5790844 0.5913499 0.4311435 0.5671899 
NtSDH2         1.1353915 1.1593596 1.1593596 0.8777895 0.8777895 1.1736737 1.3470435 1.3395502 0.3939539 1.2262949 0.4610743 0.4433261 0.9341644 1.4119785 1.1570607 1.3597371 1.3800892 0.4765971 0.4783965 1.1823347 0.3620564 1.2988907 1.3357371 1.1907260 1.3400862 0.4719746 1.2547356 1.3048292 1.2217490 1.4237073 1.3749611 1.1825831 1.2651970 0.0000000 1.2494473 0.1559232 1.3307612 1.2874556 0.4088880 1.1458092 1.3514159 1.3700395 0.4660615 0.9075790 1.3555998 1.3891630 1.3907229 1.3834127 1.1781381 1.3404275 
SlSDH1         0.4565080 0.5074754 0.5074754 1.1902738 1.1902738 0.2911596 0.4849265 0.4478463 1.1683162 0.3044054 1.1609991 1.1377254 1.2347047 0.5256155 0.3315936 0.5496842 0.5020147 1.2550944 1.2274696 0.2574244 1.1621501 0.4917796 0.4683099 0.2769885 0.5209771 1.2177422 0.4567620 0.4945828 0.3576358 0.5771922 0.5177383 0.3199549 0.1262091 1.2494473 0.0000000 1.2600076 0.4670044 0.4929381 1.2480987 0.3538468 0.5445120 0.5065696 1.2153978 1.2763796 0.6141862 0.6119978 0.5634697 0.5353213 0.3800485 0.5401594 
SlQDH          1.2105139 1.2323216 1.2323216 0.8732529 0.8732529 1.2014124 1.3530116 1.3957269 0.4507306 1.2198078 0.5038453 0.4861359 0.9133152 1.4143253 1.1873522 1.3345694 1.3747171 0.5091251 0.5109506 1.1869572 0.4133001 1.3077617 1.3416421 1.2181826 1.3328418 0.5302186 1.2448952 1.3137908 1.2658929 1.4471613 1.3931870 1.2081844 1.2998965 0.1559232 1.2600076 0.0000000 1.3567840 1.2939244 0.4528849 1.2113645 1.3263369 1.3703381 0.4980814 0.9011558 1.2955770 1.3238585 1.3572882 1.3622324 1.2150380 1.3575532 
CasSDH3        0.5649630 0.6090597 0.6090597 1.2869456 1.2869456 0.4879897 0.4862176 0.1542925 1.2948631 0.4505738 1.1762635 1.1707657 1.3868605 0.2907664 0.4563766 0.3032229 0.4743933 1.2312561 1.2127180 0.4486006 1.2354060 0.5410782 0.0104914 0.4492876 0.5052545 1.2675565 0.2490302 0.5942130 0.5010388 0.3066271 0.4942349 0.4498652 0.5076813 1.3307612 0.4670044 1.3567840 0.0000000 0.5362335 1.3049475 0.4832643 0.2966695 0.4833672 1.2138015 1.3265662 0.5917597 0.6040304 0.5527129 0.5210870 0.4875045 0.2877616 
CasSDH2        0.5259258 0.5774293 0.5774293 1.2250385 1.2250385 0.4835442 0.1356562 0.4395310 1.2119068 0.5052072 1.2498536 1.1766250 1.3207145 0.5282112 0.5349922 0.5020251 0.1705908 1.2940342 1.2860522 0.5183867 1.1577802 0.0061988 0.5328145 0.4304849 0.1743540 1.2448448 0.4322377 0.5730735 0.4899073 0.5768905 0.1954635 0.4885124 0.5569757 1.2874556 0.4929381 1.2939244 0.5362335 0.0000000 1.2490348 0.5573972 0.5048799 0.1767515 1.2457030 1.3182729 0.2501628 0.2576502 0.2174012 0.1873039 0.4592489 0.5462051 
CasSDH1        1.1816568 1.1761396 1.1761396 0.8480678 0.8480678 1.1668517 1.3426294 1.3527231 0.3273095 1.1860430 0.4825860 0.4488893 0.9482401 1.3353420 1.1878225 1.2549681 1.3498087 0.4931162 0.4907592 1.2024136 0.0379094 1.2585211 1.3094426 1.1508851 1.2991650 0.4225001 1.2099896 1.2455313 1.2185644 1.4031275 1.3634014 1.1344487 1.3005836 0.4088880 1.2480987 0.4528849 1.3049475 1.2490348 0.0000000 1.1983372 1.2477000 1.3578695 0.4887174 0.8899649 1.3366245 1.3702098 1.3722227 1.3713460 1.1792805 1.2804713 
EgDQD/SDH1     0.3653602 0.3933828 0.3933828 1.1650583 1.1650583 0.2756660 0.5030026 0.4238830 1.1503972 0.2510637 1.1070892 1.0836569 1.2572828 0.5395392 0.0199190 0.5156038 0.4987723 1.1929245 1.1667522 0.2816079 1.1199189 0.5582541 0.4858760 0.2829100 0.5147820 1.1928130 0.4851958 0.4252090 0.3112370 0.5452407 0.5445454 0.2382584 0.4064474 1.1458092 0.3538468 1.2113645 0.4832643 0.5573972 1.1983372 0.0000000 0.5205890 0.5059785 1.1572096 1.2759327 0.6411383 0.6310187 0.5853512 0.5371658 0.2192633 0.5239684 
EgDQD/SDH2     0.5493368 0.5544697 0.5544697 1.2760265 1.2760265 0.5041589 0.5060918 0.2303859 1.2019335 0.4848082 1.1597087 1.1192055 1.3926510 0.3218743 0.4971517 0.0041906 0.4479040 1.1695897 1.1520437 0.4991777 1.1797579 0.5149696 0.2942581 0.4545216 0.4863995 1.2231344 0.2046048 0.5997337 0.4983556 0.3486718 0.5018651 0.4617245 0.5536035 1.3514159 0.5445120 1.3263369 0.2966695 0.5048799 1.2477000 0.5205890 0.0000000 0.4550700 1.1368722 1.3186533 0.5538932 0.5580297 0.5117215 0.5152183 0.4759488 0.2320755 
EgDQD/SDH3     0.5422934 0.5696688 0.5696688 1.3296531 1.3296531 0.4676985 0.1582837 0.4006854 1.3018216 0.4595452 1.3174436 1.2568787 1.4031450 0.5137781 0.4814164 0.4523142 0.0062251 1.3560974 1.3440586 0.4716245 1.2719710 0.1794908 0.4802267 0.4222122 0.1485808 1.2845094 0.3973754 0.5511856 0.4787936 0.5035314 0.1210187 0.4508048 0.5429806 1.3700395 0.5065696 1.3703381 0.4833672 0.1767515 1.3578695 0.5059785 0.4550700 0.0000000 1.3061244 1.3583644 0.1950349 0.1967930 0.1558511 0.0872709 0.4540755 0.5329040 
EgQDH1         1.1005163 1.1172880 1.1172880 0.8557281 0.8557281 1.0952395 1.2516318 1.1799990 0.3951008 1.1888371 0.3997161 0.3711934 0.9448496 1.3082428 1.1552935 1.1409505 1.2964989 0.0189584 0.0232709 1.0794337 0.4406303 1.2610472 1.2057575 1.0779005 1.2793128 0.4082267 1.1354718 1.2236179 1.1545364 1.3103351 1.2919642 1.1069611 1.1799167 0.4660615 1.2153978 0.4980814 1.2138015 1.2457030 0.4887174 1.1572096 1.1368722 1.3061244 0.0000000 0.8609556 1.2352482 1.2638049 1.2533738 1.2951851 1.1133123 1.2126866 
EgQDH2         1.3272856 1.2841734 1.2841734 0.3202007 0.3202007 1.1806127 1.3446682 1.4246516 0.8500983 1.2471536 0.9281317 0.8735088 0.4399963 1.4671006 1.2838736 1.3274120 1.3604132 0.8758650 0.8772373 1.1814835 0.8091347 1.3410519 1.3316958 1.2315456 1.3422648 0.8844981 1.3479250 1.4355052 1.2946120 1.4600325 1.3631996 1.2124384 1.2486965 0.9075790 1.2763796 0.9011558 1.3265662 1.3182729 0.8899649 1.2759327 1.3186533 1.3583644 0.8609556 0.0000000 1.3952221 1.4415845 1.4084270 1.3925870 1.2944547 1.3311594 
PgSDH3a_1      0.6389506 0.6446070 0.6446070 1.3099502 1.3099502 0.5604693 0.2494106 0.4990945 1.2175190 0.5725820 1.2163412 1.1598033 1.3823250 0.6177050 0.6122331 0.5510725 0.1939525 1.2756451 1.2640034 0.5825821 1.2482908 0.2562263 0.5881449 0.5016126 0.2182662 1.2430767 0.4831107 0.6053561 0.5489828 0.6067731 0.2329430 0.5568859 0.6379346 1.3555998 0.6141862 1.2955770 0.5917597 0.2501628 1.3366245 0.6411383 0.5538932 0.1950349 1.2352482 1.3952221 0.0000000 0.0430290 0.1163653 0.2213719 0.5534024 0.6028391 
PgSDH3a_2      0.6501206 0.6488672 0.6488672 1.3300504 1.3300504 0.5648430 0.2595147 0.5040901 1.2586770 0.5798508 1.2636452 1.1875471 1.4063754 0.6224854 0.6065136 0.5587248 0.1957015 1.3049157 1.2930875 0.5836272 1.2798370 0.2633827 0.6003356 0.5066323 0.2314456 1.2785499 0.4877967 0.6144188 0.5617556 0.6293905 0.2453783 0.5717476 0.6484515 1.3891630 0.6119978 1.3238585 0.6040304 0.2576502 1.3702098 0.6310187 0.5580297 0.1967930 1.2638049 1.4415845 0.0430290 0.0000000 0.1334542 0.2138689 0.5597031 0.6138914 
PgSDH3_1       0.5762010 0.6184950 0.6184950 1.3510884 1.3510884 0.5231783 0.1901036 0.4644802 1.2959542 0.5245665 1.2421732 1.1995220 1.4577876 0.5907131 0.5623212 0.5088838 0.1486706 1.3017650 1.2900308 0.5477851 1.2771475 0.2172944 0.5514255 0.4727837 0.1691359 1.3517129 0.4545596 0.6093151 0.5338596 0.6011289 0.1737029 0.5191588 0.5790844 1.3907229 0.5634697 1.3572882 0.5527129 0.2174012 1.3722227 0.5853512 0.5117215 0.1558511 1.2533738 1.4084270 0.1163653 0.1334542 0.0000000 0.1742840 0.5137593 0.5795282 
PgSDH3_2       0.5696554 0.6006562 0.6006562 1.3487136 1.3487136 0.4967379 0.1746988 0.4466585 1.2736652 0.5122253 1.3023276 1.2350093 1.4742111 0.5355092 0.5111884 0.5123770 0.0797967 1.3461892 1.3419407 0.5139991 1.2807677 0.1888722 0.5177025 0.4394227 0.1739914 1.3191249 0.4441996 0.6058030 0.5268645 0.5745354 0.1601203 0.4898834 0.5913499 1.3834127 0.5353213 1.3622324 0.5210870 0.1873039 1.3713460 0.5371658 0.5152183 0.0872709 1.2951851 1.3925870 0.2213719 0.2138689 0.1742840 0.0000000 0.4857177 0.5437822 
PgSDH1         0.3376231 0.3777892 0.3777892 1.1570603 1.1570603 0.2901089 0.4454918 0.4309270 1.0868696 0.2507624 1.0769832 1.0539334 1.2606397 0.4894571 0.1957108 0.4731776 0.4414698 1.1526220 1.1238036 0.2825546 1.1074913 0.4598965 0.4900871 0.2798689 0.4444419 1.1527431 0.4151849 0.4014317 0.2846226 0.5199981 0.4766717 0.2374183 0.4311435 1.1781381 0.3800485 1.2150380 0.4875045 0.4592489 1.1792805 0.2192633 0.4759488 0.4540755 1.1133123 1.2944547 0.5534024 0.5597031 0.5137593 0.4857177 0.0000000 0.5074956 
PgSDH4         0.5947392 0.5927056 0.5927056 1.3047256 1.3047256 0.5635911 0.5359593 0.2525707 1.2163430 0.5106228 1.1405416 1.1235165 1.3753243 0.3160143 0.5036013 0.2278484 0.5256610 1.2399711 1.2214450 0.5442028 1.2074493 0.5512625 0.2816015 0.5110993 0.5422036 1.1652594 0.2312166 0.6438249 0.5460080 0.3220472 0.5600966 0.5152204 0.5671899 1.3404275 0.5401594 1.3575532 0.2877616 0.5462051 1.2804713 0.5239684 0.2320755 0.5329040 1.2126866 1.3311594 0.6028391 0.6138914 0.5795282 0.5437822 0.5074956 0.0000000 
