50
AtSDH          0.0000000 0.2319305 0.2319305 1.3914181 1.3839836 0.4048716 0.5797341 0.6000826 1.1961714 0.4493773 1.1505022 1.1584961 1.4990338 0.6970752 0.4205615 0.6670099 0.6267716 1.2787365 1.2713696 0.5008416 1.1901602 0.6206916 0.6653349 0.3941803 0.6314895 1.2330782 0.6563939 0.5099185 0.4466911 0.7715765 0.6403622 0.3536812 0.6288384 1.2207783 0.5171922 1.3022062 0.6072734 0.6197759 1.2629449 0.4907108 0.7119804 0.6370018 1.2364660 1.6981073 0.6991473 0.7036962 0.6635909 0.7639110 0.3897755 0.7051045 
BrapaQDH       0.2319305 0.0000000 0.0000010 1.3581273 1.3608955 0.4463742 0.6338986 0.6276434 1.1733346 0.4941007 1.1953123 1.1801708 1.4213102 0.7377960 0.4384257 0.6647373 0.6554990 1.2688395 1.2579273 0.5232232 1.1885020 0.6837431 0.6977887 0.4305153 0.6667651 1.2640125 0.6877648 0.5427462 0.4833722 0.8205097 0.6953611 0.4041970 0.6653297 1.2550070 0.5608639 1.3226934 0.6424485 0.6711322 1.2588285 0.5203564 0.7047429 0.6656782 1.2262996 1.6819242 0.6889403 0.6864881 0.7082509 0.7915387 0.4272428 0.6811474 
BnapusQDH      0.2319305 0.0000010 0.0000000 1.3581273 1.3608955 0.4463742 0.6338986 0.6276434 1.1733346 0.4941007 1.1953123 1.1801708 1.4213102 0.7377960 0.4384257 0.6647373 0.6554990 1.2688395 1.2579273 0.5232232 1.1885020 0.6837431 0.6977887 0.4305153 0.6667651 1.2640125 0.6877648 0.5427462 0.4833722 0.8205097 0.6953611 0.4041970 0.6653297 1.2550070 0.5608639 1.3226934 0.6424485 0.6711322 1.2588285 0.5203564 0.7047429 0.6656782 1.2262996 1.6819242 0.6889403 0.6864881 0.7082509 0.7915387 0.4272428 0.6811474 
CserDQD/SDH1.1 1.3914181 1.3581273 1.3581273 0.0000000 0.0294849 1.1906325 1.4270733 1.3843444 0.8508851 1.2841801 0.9883487 0.9528225 0.4589775 1.5092146 1.2376706 1.4061334 1.4451704 0.9775694 0.9733563 1.1802014 0.8519595 1.3686211 1.4189751 1.2598390 1.3874393 0.8809152 1.4364069 1.4203875 1.3098186 1.5407680 1.4420602 1.1954596 1.3691774 1.0058326 1.2708838 0.9761720 1.4138622 1.3518420 0.9287990 1.2733815 1.3953737 1.4487259 0.9523084 0.3905823 1.3434387 1.3638040 1.3852274 1.3835155 1.1707537 1.4260222 
CserDQD/SDH1.2 1.3839836 1.3608955 1.3608955 0.0294849 0.0000000 1.1906325 1.4522485 1.3843444 0.8621279 1.3017133 0.9944226 0.9583706 0.4255745 1.5097618 1.2525198 1.4119996 1.4767253 0.9857916 0.9815482 1.2076884 0.8757175 1.3907578 1.4183077 1.2991104 1.4074963 0.8848697 1.3522274 1.4672345 1.3609683 1.5342241 1.4636957 1.2233865 1.3466991 1.0101540 1.3000792 0.9832804 1.4131727 1.3736359 0.9424891 1.2708102 1.4090478 1.4803917 0.9601871 0.3987945 1.3434387 1.3638040 1.3852274 1.3835155 1.1707537 1.4162273 
CserDQD/SDH2   0.4048716 0.4463742 0.4463742 1.1906325 1.1906325 0.0000000 0.5050190 0.4794560 1.1112391 0.2782885 1.0892306 1.1080330 1.2906969 0.5626372 0.2959900 0.5448159 0.5174876 1.2043555 1.1860724 0.2351117 1.1243084 0.5376481 0.5209958 0.2546214 0.5300256 1.2095816 0.5042029 0.3922749 0.2625770 0.6006557 0.5649135 0.2276213 0.3632936 1.2121134 0.2960626 1.2310056 0.5026018 0.5367836 1.2236206 0.2992486 0.5441054 0.5179110 1.1588126 1.2451765 0.6101105 0.6135871 0.5743058 0.5563499 0.3125948 0.5951723 
CserDQD/SDH3   0.5797341 0.6338986 0.6338986 1.4270733 1.4522485 0.5050190 0.0000000 0.4630497 1.3703828 0.5435277 1.3507084 1.2890598 1.5371864 0.5661561 0.5514828 0.5765931 0.1847558 1.4091596 1.4009335 0.5650865 1.3421856 0.1398331 0.5547262 0.4696778 0.1799350 1.4026087 0.5498623 0.6223161 0.5658642 0.6236061 0.2096022 0.4773479 0.6879039 1.4067179 0.5757412 1.4223093 0.5243067 0.1388352 1.4165993 0.6152528 0.6152756 0.1906127 1.3584229 1.4909556 0.2717678 0.2780595 0.2180820 0.2104950 0.4745092 0.6217105 
CserDQD/SDH4   0.6000826 0.6276434 0.6276434 1.3843444 1.3843444 0.4794560 0.4630497 0.0000000 1.2491373 0.4514784 1.1923969 1.1922779 1.5482712 0.2571412 0.4727818 0.2420263 0.4333445 1.3205783 1.3000253 0.4918414 1.2814745 0.4894683 0.1815235 0.4347235 0.4418245 1.2466635 0.2114278 0.5684386 0.5121078 0.2889559 0.4710375 0.4273816 0.5367733 1.3548106 0.5265379 1.4140157 0.1597951 0.4855984 1.3674048 0.4756462 0.2443269 0.4394685 1.2639273 1.5362298 0.5294315 0.5336254 0.5091962 0.4928024 0.4515941 0.2611836 
CserDQD/SDH5   1.1961714 1.1733346 1.1733346 0.8508851 0.8621279 1.1112391 1.3703828 1.2491373 0.0000000 1.1924268 0.4476216 0.4308908 1.0042693 1.3855115 1.1949682 1.2827285 1.3695120 0.4507553 0.4512357 1.1333683 0.3116853 1.3264035 1.3663148 1.1217059 1.3209933 0.3463063 1.2998101 1.2417899 1.1809220 1.3994992 1.4086961 1.0889993 1.3192404 0.4166729 1.2151959 0.4700313 1.3547740 1.3097090 0.3536447 1.2698446 1.3357644 1.3771274 0.4394027 0.9087739 1.2756489 1.3140811 1.3425808 1.3423975 1.1126795 1.3371650 
Poptr1         0.4493773 0.4941007 0.4941007 1.2841801 1.3017133 0.2782885 0.5435277 0.4514784 1.1924268 0.0000000 1.2109196 1.1803853 1.3964748 0.5831458 0.2528240 0.5597209 0.5221551 1.3182447 1.2908192 0.2989528 1.1669143 0.5654473 0.5154752 0.2876042 0.5252926 1.2731040 0.5181826 0.4003920 0.3004187 0.6688268 0.5590620 0.2273985 0.4443232 1.2952023 0.3685267 1.2777023 0.4778881 0.5646317 1.2254457 0.3211095 0.5923690 0.5244517 1.2741721 1.4100946 0.6188174 0.6200171 0.5834975 0.6015956 0.2814433 0.5941992 
Poptr2         1.1505022 1.1953123 1.1953123 0.9883487 0.9944226 1.0892306 1.3507084 1.1923969 0.4476216 1.2109196 0.0000000 0.1393351 1.0995277 1.3734288 1.1458739 1.2124865 1.4057309 0.4208824 0.4201436 1.1285634 0.4627441 1.3407708 1.2415071 1.1368008 1.3177877 0.4480403 1.3137386 1.2421405 1.1677550 1.3379570 1.3735372 1.0864879 1.2991496 0.4745881 1.2197337 0.5233522 1.2094719 1.3371464 0.5088469 1.2320195 1.2764051 1.4037411 0.4201163 0.9684908 1.2699361 1.3145601 1.2846485 1.3414558 1.1111442 1.2139224 
Poptr3         1.1584961 1.1801708 1.1801708 0.9528225 0.9583706 1.1080330 1.2890598 1.1922779 0.4308908 1.1803853 0.1393351 0.0000000 1.0732690 1.3479325 1.1154034 1.2027087 1.3487369 0.4007154 0.4078844 1.1141389 0.4262405 1.2651190 1.2476163 1.0958915 1.2998095 0.4197577 1.2761169 1.2420288 1.1996664 1.3438523 1.3368870 1.1002258 1.3076458 0.4587826 1.2157426 0.4996169 1.2115883 1.2592845 0.4754547 1.2006784 1.2618790 1.3469229 0.3998919 0.9183462 1.2068816 1.2320549 1.2440344 1.2945817 1.1007582 1.2126143 
Poptr4         1.4990338 1.4213102 1.4213102 0.4589775 0.4255745 1.2906969 1.5371864 1.5482712 1.0042693 1.3964748 1.0995277 1.0732690 0.0000000 1.6305370 1.3923399 1.5395526 1.6026213 1.1187644 1.1147301 1.3126290 0.9867679 1.5222934 1.5505525 1.3414146 1.5794923 1.0515265 1.5392499 1.5176505 1.4179066 1.6522566 1.5820882 1.3133900 1.4318865 1.0612656 1.3474583 1.0292068 1.5063810 1.5041262 1.0726265 1.4182648 1.5694770 1.5834563 1.1011875 0.5550722 1.4527792 1.4806198 1.5299363 1.5610577 1.2962743 1.5263109 
Poptr5         0.6970752 0.7377960 0.7377960 1.5092146 1.5097618 0.5626372 0.5661561 0.2571412 1.3855115 0.5831458 1.3734288 1.3479325 1.6305370 0.0000000 0.5556730 0.3290359 0.5585048 1.4930031 1.4718667 0.5642252 1.3593053 0.5764667 0.3158993 0.5357329 0.5626196 1.4543139 0.3573356 0.7119760 0.5878467 0.3486671 0.6021439 0.5163084 0.6909830 1.4715855 0.5947723 1.4754148 0.2951527 0.5778690 1.4188046 0.6253989 0.3800774 0.5655699 1.4388863 1.5983452 0.6575566 0.6612313 0.6257406 0.5755768 0.5209239 0.3727174 
EcDQD/SDH1     0.4205615 0.4384257 0.4384257 1.2376706 1.2525198 0.2959900 0.5514828 0.4727818 1.1949682 0.2528240 1.1458739 1.1154034 1.3923399 0.5556730 0.0000000 0.5576920 0.5415509 1.2786927 1.2522803 0.3105599 1.1609725 0.6070626 0.5129939 0.2881305 0.5506014 1.2471104 0.5607381 0.4195261 0.3463865 0.6178572 0.5957845 0.2307179 0.4730445 1.2129795 0.3643561 1.2349158 0.4705750 0.6061753 1.2277455 0.0453957 0.5920994 0.5485441 1.2429933 1.4055817 0.6516193 0.6447655 0.6359165 0.6108847 0.2194833 0.5777036 
EcDQD/SDH2     0.6670099 0.6647373 0.6647373 1.4061334 1.4119996 0.5448159 0.5765931 0.2420263 1.2827285 0.5597209 1.2124865 1.2027087 1.5395526 0.3290359 0.5576920 0.0000000 0.5046524 1.3002353 1.2819265 0.5877019 1.2688759 0.5817251 0.3269821 0.5165712 0.5261219 1.3124268 0.2512108 0.6464745 0.5729879 0.3627512 0.5683074 0.4781446 0.6959122 1.4169670 0.6496516 1.3963971 0.3079342 0.5717914 1.3273216 0.6231028 0.0341651 0.5117075 1.2662451 1.4826749 0.5857590 0.5926399 0.5527232 0.5470750 0.4994054 0.2784780 
EcDQD/SDH3     0.6267716 0.6554990 0.6554990 1.4451704 1.4767253 0.5174876 0.1847558 0.4333445 1.3695120 0.5221551 1.4057309 1.3487369 1.6026213 0.5585048 0.5415509 0.5046524 0.0000000 1.4711023 1.4590005 0.5620520 1.3661673 0.2034286 0.5325411 0.4815823 0.1626044 1.4176577 0.4882955 0.5954054 0.5595416 0.5795165 0.1259940 0.4724217 0.7224738 1.4728178 0.6188091 1.4610110 0.5016300 0.2008204 1.4422924 0.6107507 0.5343825 0.0056528 1.4201734 1.5326727 0.2103554 0.2088379 0.1690709 0.0902631 0.4783475 0.5965298 
EcDQD/SDH4a    1.2787365 1.2688395 1.2688395 0.9775694 0.9857916 1.2043555 1.4091596 1.3205783 0.4507553 1.3182447 0.4208824 0.4007154 1.1187644 1.4930031 1.2786927 1.3002353 1.4711023 0.0000000 0.0077635 1.2075245 0.4966629 1.4119543 1.3363653 1.1983646 1.4530440 0.4756084 1.3612832 1.3496224 1.3005580 1.4698343 1.4984739 1.1776686 1.3647868 0.5160709 1.3385037 0.5457998 1.2890698 1.3956417 0.5404050 1.3570075 1.3706876 1.4813181 0.0176426 0.9537518 1.3585365 1.3860877 1.3916127 1.4505847 1.2221044 1.3503954 
EcDQD/SDH4b    1.2713696 1.2579273 1.2579273 0.9733563 0.9815482 1.1860724 1.4009335 1.3000253 0.4512357 1.2908192 0.4201436 0.4078844 1.1147301 1.4718667 1.2522803 1.2819265 1.4590005 0.0077635 0.0000000 1.1827182 0.4944605 1.4037270 1.3174015 1.1736171 1.4408914 0.4745661 1.3380667 1.3214387 1.2737560 1.4704015 1.4860009 1.1494222 1.3359109 0.5177899 1.3104718 0.5475506 1.2704859 1.3875309 0.5381150 1.3287847 1.3513293 1.4691483 0.0216494 0.9554214 1.3465494 1.3739288 1.3795406 1.4461845 1.1926214 1.3308816 
CsDQD/SDHa     0.5008416 0.5232232 0.5232232 1.1802014 1.2076884 0.2351117 0.5650865 0.4918414 1.1333683 0.2989528 1.1285634 1.1141389 1.3126290 0.5642252 0.3105599 0.5877019 0.5620520 1.2075245 1.1827182 0.0000000 1.1684684 0.6227241 0.5123860 0.2915269 0.5773877 1.1827021 0.5965913 0.4592638 0.3739073 0.6894264 0.6107458 0.2446594 0.3861097 1.2486965 0.2979809 1.2466817 0.4740053 0.6217989 1.2604801 0.3724906 0.6257339 0.5621351 1.1595500 1.3161743 0.6307682 0.6307589 0.6240214 0.6129274 0.3132998 0.6150068 
CsDQD/SDHb     1.1901602 1.1885020 1.1885020 0.8519595 0.8757175 1.1243084 1.3421856 1.2814745 0.3116853 1.1669143 0.4627441 0.4262405 0.9867679 1.3593053 1.1609725 1.2688759 1.3661673 0.4966629 0.4944605 1.1684684 0.0000000 1.2580404 1.3245383 1.1663619 1.3033148 0.4078854 1.2588929 1.2504253 1.2333496 1.4237445 1.3774037 1.1016366 1.3688197 0.3929555 1.2431517 0.4490211 1.2959386 1.2491640 0.0372021 1.2464094 1.2923752 1.3737896 0.4925401 0.8746483 1.3156063 1.3442904 1.3408263 1.3441117 1.1572403 1.3249681 
CsDQD/SDHc     0.6206916 0.6837431 0.6837431 1.3686211 1.3907578 0.5376481 0.1398331 0.4894683 1.3264035 0.5654473 1.3407708 1.2651190 1.5222934 0.5764667 0.6070626 0.5817251 0.2034286 1.4119543 1.4037270 0.6227241 1.2580404 0.0000000 0.6012508 0.4987485 0.1954776 1.3425687 0.5473960 0.6259308 0.5809593 0.6734611 0.2332695 0.5062281 0.7299097 1.3805909 0.5980663 1.3928682 0.5686029 0.0056169 1.3404652 0.6721229 0.6156151 0.2094822 1.3626385 1.4998530 0.2794267 0.2827294 0.2394045 0.2204434 0.4955852 0.6379351 
CsDQD/SDHd     0.6653349 0.6977887 0.6977887 1.4189751 1.4183077 0.5209958 0.5547262 0.1815235 1.3663148 0.5154752 1.2415071 1.2476163 1.5505525 0.3158993 0.5129939 0.3269821 0.5325411 1.3363653 1.3174015 0.5123860 1.3245383 0.6012508 0.0000000 0.5040867 0.5449518 1.3499856 0.3022482 0.6357601 0.5663179 0.3344188 0.5637040 0.4574820 0.6190924 1.4053158 0.5377745 1.4150345 0.0119652 0.5965181 1.3840712 0.5856745 0.3625004 0.5414639 1.3183248 1.4865738 0.6323526 0.6386805 0.5964925 0.5717342 0.5250351 0.3377596 
VvSDH1         0.3941803 0.4305153 0.4305153 1.2598390 1.2991104 0.2546214 0.4696778 0.4347235 1.1217059 0.2876042 1.1368008 1.0958915 1.3414146 0.5357329 0.2881305 0.5165712 0.4815823 1.1983646 1.1736171 0.2915269 1.1663619 0.4987485 0.5040867 0.0000000 0.4895774 1.1926001 0.5083349 0.3855392 0.2902836 0.6105834 0.5206008 0.2363298 0.3874113 1.2707432 0.3064168 1.2842950 0.4811366 0.4943787 1.2283977 0.3422429 0.5301025 0.4854806 1.1579764 1.3284952 0.5364465 0.5405187 0.5071324 0.4858707 0.3086331 0.5930124 
VvSDH3         0.6314895 0.6667651 0.6667651 1.3874393 1.4074963 0.5300256 0.1799350 0.4418245 1.3209933 0.5252926 1.3177877 1.2998095 1.5794923 0.5626196 0.5506014 0.5261219 0.1626044 1.4530440 1.4408914 0.5773877 1.3033148 0.1954776 0.5449518 0.4895774 0.0000000 1.3837589 0.5010685 0.6006386 0.5692466 0.6112458 0.1762380 0.4713374 0.7001520 1.4096956 0.6207553 1.4080112 0.5226968 0.1877970 1.3825362 0.6146584 0.5617564 0.1682167 1.4072651 1.5028374 0.2418781 0.2515427 0.1899509 0.1946082 0.4714369 0.6239246 
VvSDH2         1.2330782 1.2640125 1.2640125 0.8809152 0.8848697 1.2095816 1.4026087 1.2466635 0.3463063 1.2731040 0.4480403 0.4197577 1.0515265 1.4543139 1.2471104 1.3124268 1.4176577 0.4756084 0.4745661 1.1827021 0.4078854 1.3425687 1.3499856 1.1926001 1.3837589 0.0000000 1.3255559 1.3419225 1.3052181 1.3831986 1.4608003 1.1512734 1.3249985 0.4882246 1.2768795 0.5379395 1.3036178 1.3360088 0.4502704 1.3177004 1.3695831 1.3947813 0.4567332 0.9232120 1.3195151 1.3571757 1.4385828 1.4091205 1.2079539 1.2485795 
VvSDH4         0.6563939 0.6877648 0.6877648 1.4364069 1.3522274 0.5042029 0.5498623 0.2114278 1.2998101 0.5181826 1.3137386 1.2761169 1.5392499 0.3573356 0.5607381 0.2512108 0.4882955 1.3612832 1.3380667 0.5965913 1.2588929 0.5473960 0.3022482 0.5083349 0.5010685 1.3255559 0.0000000 0.6331859 0.5646794 0.3589832 0.5599982 0.4809425 0.7995496 1.3923268 0.5854478 1.3737576 0.2924386 0.5417684 1.3287889 0.6301178 0.3456501 0.4975644 1.3250632 1.6005975 0.5164378 0.5204238 0.4914740 0.4877078 0.4418003 0.3765613 
FvSDH3         0.5099185 0.5427462 0.5427462 1.4203875 1.4672345 0.3922749 0.6223161 0.5684386 1.2417899 0.4003920 1.2421405 1.2420288 1.5176505 0.7119760 0.4195261 0.6464745 0.5954054 1.3496224 1.3214387 0.4592638 1.2504253 0.6259308 0.6357601 0.3855392 0.6006386 1.3419225 0.6331859 0.0000000 0.3231739 0.7024326 0.6150123 0.3226262 0.5856957 1.3793161 0.5190530 1.3724881 0.6207477 0.6167679 1.3160438 0.5043617 0.6788559 0.5965210 1.3015413 1.4975547 0.6394447 0.6474584 0.6318981 0.6357668 0.4124745 0.7258029 
FvSDH4         0.4466911 0.4833722 0.4833722 1.3098186 1.3609683 0.2625770 0.5658642 0.5121078 1.1809220 0.3004187 1.1677550 1.1996664 1.4179066 0.5878467 0.3463865 0.5729879 0.5595416 1.3005580 1.2737560 0.3739073 1.2333496 0.5809593 0.5663179 0.2902836 0.5692466 1.3052181 0.5646794 0.3231739 0.0000000 0.6632974 0.5860945 0.2296805 0.5372875 1.2970719 0.4499054 1.3170671 0.5378761 0.5760348 1.3094149 0.4061938 0.6039070 0.5601709 1.2573860 1.4514802 0.5905008 0.6026305 0.5827591 0.5800741 0.3112857 0.6227490 
FvSDH2         0.7715765 0.8205097 0.8205097 1.5407680 1.5342241 0.6006557 0.6236061 0.2889559 1.3994992 0.6688268 1.3379570 1.3438523 1.6522566 0.3486671 0.6178572 0.3627512 0.5795165 1.4698343 1.4704015 0.6894264 1.4237445 0.6734611 0.3344188 0.6105834 0.6112458 1.3831986 0.3589832 0.7024326 0.6632974 0.0000000 0.6707152 0.5820815 0.7802619 1.5137757 0.6958846 1.5346865 0.3144941 0.6630216 1.4952453 0.6732563 0.4071659 0.5746620 1.4466823 1.6930017 0.6523573 0.6739732 0.6463346 0.6274747 0.5679245 0.3867097 
FvSDH1         0.6403622 0.6953611 0.6953611 1.4420602 1.4636957 0.5649135 0.2096022 0.4710375 1.4086961 0.5590620 1.3735372 1.3368870 1.5820882 0.6021439 0.5957845 0.5683074 0.1259940 1.4984739 1.4860009 0.6107458 1.3774037 0.2332695 0.5637040 0.5206008 0.1762380 1.4608003 0.5599982 0.6150123 0.5860945 0.6707152 0.0000000 0.4806729 0.7042210 1.4573932 0.6468767 1.4798069 0.5283500 0.2325409 1.4715665 0.6569091 0.6159263 0.1310636 1.4466427 1.5506193 0.2481394 0.2569319 0.1963967 0.1779742 0.5181537 0.6386823 
JrSDH          0.3536812 0.4041970 0.4041970 1.1954596 1.2233865 0.2276213 0.4773479 0.4273816 1.0889993 0.2273985 1.0864879 1.1002258 1.3133900 0.5163084 0.2307179 0.4781446 0.4724217 1.1776686 1.1494222 0.2446594 1.1016366 0.5062281 0.4574820 0.2363298 0.4713374 1.1512734 0.4809425 0.3226262 0.2296805 0.5820815 0.4806729 0.0000000 0.4007207 1.2256376 0.3312016 1.2394624 0.4579116 0.5055116 1.1753494 0.2890350 0.5152237 0.4746061 1.1437566 1.2421915 0.5728608 0.5877188 0.5352503 0.5031728 0.2411268 0.5815157 
NtSDH1         0.6288384 0.6653297 0.6653297 1.3691774 1.3466991 0.3632936 0.6879039 0.5367733 1.3192404 0.4443232 1.2991496 1.3076458 1.4318865 0.6909830 0.4730445 0.6959122 0.7224738 1.3647868 1.3359109 0.3861097 1.3688197 0.7299097 0.6190924 0.3874113 0.7001520 1.3249985 0.7995496 0.5856957 0.5372875 0.7802619 0.7042210 0.4007207 0.0000000 1.4107874 0.1602576 1.4363341 0.5583477 0.7234193 1.4543324 0.5377585 0.7932407 0.7260568 1.3308173 1.4589993 0.6779007 0.6882506 0.6901791 0.7045616 0.4478788 0.7420334 
NtSDH2         1.2207783 1.2550070 1.2550070 1.0058326 1.0101540 1.2121134 1.4067179 1.3548106 0.4166729 1.2952023 0.4745881 0.4587826 1.0612656 1.4715855 1.2129795 1.4169670 1.4728178 0.5160709 0.5177899 1.2486965 0.3929555 1.3805909 1.4053158 1.2707432 1.4096956 0.4882246 1.3923268 1.3793161 1.2970719 1.5137757 1.4573932 1.2256376 1.4107874 0.0000000 1.3140835 0.1523083 1.3641940 1.3690238 0.4341779 1.2575856 1.4927788 1.4626022 0.5055829 0.9639591 1.4313585 1.4619962 1.4563965 1.4578054 1.2164079 1.4457512 
SlSDH1         0.5171922 0.5608639 0.5608639 1.2708838 1.3000792 0.2960626 0.5757412 0.5265379 1.2151959 0.3685267 1.2197337 1.2157426 1.3474583 0.5947723 0.3643561 0.6496516 0.6188091 1.3385037 1.3104718 0.2979809 1.2431517 0.5980663 0.5377745 0.3064168 0.6207553 1.2768795 0.5854478 0.5190530 0.4499054 0.6958846 0.6468767 0.3312016 0.1602576 1.3140835 0.0000000 1.3200691 0.4876739 0.5990417 1.3218614 0.4345721 0.6732291 0.6236854 1.2985438 1.4234151 0.6572872 0.6552805 0.6645999 0.6395297 0.3920205 0.6110930 
SlQDH          1.3022062 1.3226934 1.3226934 0.9761720 0.9832804 1.2310056 1.4223093 1.4140157 0.4700313 1.2777023 0.5233522 0.4996169 1.0292068 1.4754148 1.2349158 1.3963971 1.4610110 0.5457998 0.5475506 1.2466817 0.4490211 1.3928682 1.4150345 1.2842950 1.4080112 0.5379395 1.3737576 1.3724881 1.3170671 1.5346865 1.4798069 1.2394624 1.4363341 0.1523083 1.3200691 0.0000000 1.3936119 1.3788314 0.4832916 1.3151121 1.4667052 1.4566420 0.5348341 0.9370997 1.3773949 1.4029920 1.4304860 1.4451409 1.2462856 1.4642378 
CasSDH3        0.6072734 0.6424485 0.6424485 1.4138622 1.4131727 0.5026018 0.5243067 0.1597951 1.3547740 0.4778881 1.2094719 1.2115883 1.5063810 0.2951527 0.4705750 0.3079342 0.5016300 1.2890698 1.2704859 0.4740053 1.2959386 0.5686029 0.0119652 0.4811366 0.5226968 1.3036178 0.2924386 0.6207477 0.5378761 0.3144941 0.5283500 0.4579116 0.5583477 1.3641940 0.4876739 1.3936119 0.0000000 0.5638737 1.3549421 0.5410114 0.3437484 0.5105286 1.2714646 1.3904208 0.6090908 0.6214778 0.5701091 0.5422165 0.5017706 0.3473525 
CasSDH2        0.6197759 0.6711322 0.6711322 1.3518420 1.3736359 0.5367836 0.1388352 0.4855984 1.3097090 0.5646317 1.3371464 1.2592845 1.5041262 0.5778690 0.6061753 0.5717914 0.2008204 1.3956417 1.3875309 0.6217989 1.2491640 0.0056169 0.5965181 0.4943787 0.1877970 1.3360088 0.5417684 0.6167679 0.5760348 0.6630216 0.2325409 0.5055116 0.7234193 1.3690238 0.5990417 1.3788314 0.5638737 0.0000000 1.3310515 0.6710938 0.6051655 0.2068511 1.3469541 1.4764693 0.2732497 0.2769480 0.2394336 0.2187956 0.4948819 0.6324115 
CasSDH1        1.2629449 1.2588285 1.2588285 0.9287990 0.9424891 1.2236206 1.4165993 1.3674048 0.3536447 1.2254457 0.5088469 0.4754547 1.0726265 1.4188046 1.2277455 1.3273216 1.4422924 0.5404050 0.5381150 1.2604801 0.0372021 1.3404652 1.3840712 1.2283977 1.3825362 0.4502704 1.3287889 1.3160438 1.3094149 1.4952453 1.4715665 1.1753494 1.4543324 0.4341779 1.3218614 0.4832916 1.3549421 1.3310515 0.0000000 1.3325911 1.3614897 1.4503401 0.5360033 0.9482882 1.4062051 1.4366989 1.4374212 1.4361710 1.2294569 1.4048995 
EgDQD/SDH1     0.4907108 0.5203564 0.5203564 1.2733815 1.2708102 0.2992486 0.6152528 0.4756462 1.2698446 0.3211095 1.2320195 1.2006784 1.4182648 0.6253989 0.0453957 0.6231028 0.6107507 1.3570075 1.3287847 0.3724906 1.2464094 0.6721229 0.5856745 0.3422429 0.6146584 1.3177004 0.6301178 0.5043617 0.4061938 0.6732563 0.6569091 0.2890350 0.5377585 1.2575856 0.4345721 1.3151121 0.5410114 0.6710938 1.3325911 0.0000000 0.6839523 0.6183698 1.3191473 1.4812984 0.6810624 0.6696845 0.6598125 0.6369355 0.2431222 0.6461941 
EgDQD/SDH2     0.7119804 0.7047429 0.7047429 1.3953737 1.4090478 0.5441054 0.6152756 0.2443269 1.3357644 0.5923690 1.2764051 1.2618790 1.5694770 0.3800774 0.5920994 0.0341651 0.5343825 1.3706876 1.3513293 0.6257339 1.2923752 0.6156151 0.3625004 0.5301025 0.5617564 1.3695831 0.3456501 0.6788559 0.6039070 0.4071659 0.6159263 0.5152237 0.7932407 1.4927788 0.6732291 1.4667052 0.3437484 0.6051655 1.3614897 0.6839523 0.0000000 0.5417383 1.3348749 1.5373311 0.5926744 0.5961084 0.5593459 0.5536407 0.5020933 0.3805303 
EgDQD/SDH3     0.6370018 0.6656782 0.6656782 1.4487259 1.4803917 0.5179110 0.1906127 0.4394685 1.3771274 0.5244517 1.4037411 1.3469229 1.5834563 0.5655699 0.5485441 0.5117075 0.0056528 1.4813181 1.4691483 0.5621351 1.3737896 0.2094822 0.5414639 0.4854806 0.1682167 1.3947813 0.4975644 0.5965210 0.5601709 0.5746620 0.1310636 0.4746061 0.7260568 1.4626022 0.6236854 1.4566420 0.5105286 0.2068511 1.4503401 0.6183698 0.5417383 0.0000000 1.4300479 1.5305529 0.2115158 0.2099851 0.1761018 0.0974277 0.4910304 0.6041453 
EgQDH1         1.2364660 1.2262996 1.2262996 0.9523084 0.9601871 1.1588126 1.3584229 1.2639273 0.4394027 1.2741721 0.4201163 0.3998919 1.1011875 1.4388863 1.2429933 1.2662451 1.4201734 0.0176426 0.0216494 1.1595500 0.4925401 1.3626385 1.3183248 1.1579764 1.4072651 0.4567332 1.3250632 1.3015413 1.2573860 1.4466823 1.4466427 1.1437566 1.3308173 0.5055829 1.2985438 0.5348341 1.2714646 1.3469541 0.5360033 1.3191473 1.3348749 1.4300479 0.0000000 0.9388554 1.3167302 1.3436345 1.3416234 1.3975839 1.1821750 1.3216639 
EgQDH2         1.6981073 1.6819242 1.6819242 0.3905823 0.3987945 1.2451765 1.4909556 1.5362298 0.9087739 1.4100946 0.9684908 0.9183462 0.5550722 1.5983452 1.4055817 1.4826749 1.5326727 0.9537518 0.9554214 1.3161743 0.8746483 1.4998530 1.4865738 1.3284952 1.5028374 0.9232120 1.6005975 1.4975547 1.4514802 1.6930017 1.5506193 1.2421915 1.4589993 0.9639591 1.4234151 0.9370997 1.3904208 1.4764693 0.9482882 1.4812984 1.5373311 1.5305529 0.9388554 0.0000000 1.4533019 1.5058655 1.5523799 1.7228512 1.3500627 1.4449117 
PgSDH3a_1      0.6991473 0.6889403 0.6889403 1.3434387 1.3434387 0.6101105 0.2717678 0.5294315 1.2756489 0.6188174 1.2699361 1.2068816 1.4527792 0.6575566 0.6516193 0.5857590 0.2103554 1.3585365 1.3465494 0.6307682 1.3156063 0.2794267 0.6323526 0.5364465 0.2418781 1.3195151 0.5164378 0.6394447 0.5905008 0.6523573 0.2481394 0.5728608 0.6779007 1.4313585 0.6572872 1.3773949 0.6090908 0.2732497 1.4062051 0.6810624 0.5926744 0.2115158 1.3167302 1.4533019 0.0000000 0.0435191 0.1267408 0.2333050 0.5847033 0.6264781 
PgSDH3a_2      0.7036962 0.6864881 0.6864881 1.3638040 1.3638040 0.6135871 0.2780595 0.5336254 1.3140811 0.6200171 1.3145601 1.2320549 1.4806198 0.6612313 0.6447655 0.5926399 0.2088379 1.3860877 1.3739288 0.6307589 1.3442904 0.2827294 0.6386805 0.5405187 0.2515427 1.3571757 0.5204238 0.6474584 0.6026305 0.6739732 0.2569319 0.5877188 0.6882506 1.4619962 0.6552805 1.4029920 0.6214778 0.2769480 1.4366989 0.6696845 0.5961084 0.2099851 1.3436345 1.5058655 0.0435191 0.0000000 0.1407508 0.2224369 0.5899176 0.6377489 
PgSDH3_1       0.6635909 0.7082509 0.7082509 1.3852274 1.3852274 0.5743058 0.2180820 0.5091962 1.3425808 0.5834975 1.2846485 1.2440344 1.5299363 0.6257406 0.6359165 0.5527232 0.1690709 1.3916127 1.3795406 0.6240214 1.3408263 0.2394045 0.5964925 0.5071324 0.1899509 1.4385828 0.4914740 0.6318981 0.5827591 0.6463346 0.1963967 0.5352503 0.6901791 1.4563965 0.6645999 1.4304860 0.5701091 0.2394336 1.4374212 0.6598125 0.5593459 0.1761018 1.3416234 1.5523799 0.1267408 0.1407508 0.0000000 0.1961283 0.5420446 0.6029286 
PgSDH3_2       0.7639110 0.7915387 0.7915387 1.3835155 1.3835155 0.5563499 0.2104950 0.4928024 1.3423975 0.6015956 1.3414558 1.2945817 1.5610577 0.5755768 0.6108847 0.5470750 0.0902631 1.4505847 1.4461845 0.6129274 1.3441117 0.2204434 0.5717342 0.4858707 0.1946082 1.4091205 0.4877078 0.6357668 0.5800741 0.6274747 0.1779742 0.5031728 0.7045616 1.4578054 0.6395297 1.4451409 0.5422165 0.2187956 1.4361710 0.6369355 0.5536407 0.0974277 1.3975839 1.7228512 0.2333050 0.2224369 0.1961283 0.0000000 0.5202586 0.5639424 
PgSDH1         0.3897755 0.4272428 0.4272428 1.1707537 1.1707537 0.3125948 0.4745092 0.4515941 1.1126795 0.2814433 1.1111442 1.1007582 1.2962743 0.5209239 0.2194833 0.4994054 0.4783475 1.2221044 1.1926214 0.3132998 1.1572403 0.4955852 0.5250351 0.3086331 0.4714369 1.2079539 0.4418003 0.4124745 0.3112857 0.5679245 0.5181537 0.2411268 0.4478788 1.2164079 0.3920205 1.2462856 0.5017706 0.4948819 1.2294569 0.2431222 0.5020933 0.4910304 1.1821750 1.3500627 0.5847033 0.5899176 0.5420446 0.5202586 0.0000000 0.5274943 
PgSDH4         0.7051045 0.6811474 0.6811474 1.4260222 1.4162273 0.5951723 0.6217105 0.2611836 1.3371650 0.5941992 1.2139224 1.2126143 1.5263109 0.3727174 0.5777036 0.2784780 0.5965298 1.3503954 1.3308816 0.6150068 1.3249681 0.6379351 0.3377596 0.5930124 0.6239246 1.2485795 0.3765613 0.7258029 0.6227490 0.3867097 0.6386823 0.5815157 0.7420334 1.4457512 0.6110930 1.4642378 0.3473525 0.6324115 1.4048995 0.6461941 0.3805303 0.6041453 1.3216639 1.4449117 0.6264781 0.6377489 0.6029286 0.5639424 0.5274943 0.0000000 
